12
26
10
27
17
28
25
27
30
40
39
34
23
69
49
50
53
56
74
50
57
59
17
13
26
14
42
51
23
27
29
42
36
49
50
71
30
63
56
93
36
49
50
51
30
45
70
67
46
42
58
37
16
46
17
23
24
21
34
57
30
10
17
11
35
62
50
21
52
19
19
22
43
27
39
36
29
1
9
45
24
49
54
34
32
45
21
25
57
56
40
53
32
34
63
35
42
15
70
41
38
66
55
73
33
27
40
57
58
60
38
71
47
48
110
83
44
60
82
51
58
110
40
72
70
46
23
71
114
83
63
66
33
45
66
60
58
53
46
39
39
47
99
34
73
65
22
16
43
86
77
43
62
54
18
31
70
68
94
83
42
26
51
76
72
68
64
44
45
50
50
44
71
53
57
33
47
59
81
49
38
41
35
67
51
77
88
58
52
63
68
40
58
65
76
61
48
73
64
79
123
89
84
66
94
109
81
89
81
95
78
84
110
92